0       x: 366.06       0.00    716.51  0.00
0       x: 31.17        -0.00   703.90  0.00
0       x: 849.05       -0.00   260.88  0.00
0       x: 849.42       0.00    261.28  -0.00
0       x: 850.32       0.00    262.58  -0.00
0       x: 849.61       0.00    261.46  -0.00
0       x: 849.78       0.00    262.72  -0.00
0       x: 852.69       0.00    239.43  -0.00
0       x: 856.49       0.00    234.84  -0.00
0       x: 856.41       0.00    235.78  -0.00
0       x: 858.65       0.00    240.28  -0.00
0       x: 1035.42      0.00    801.21  -0.00
0       x: 857.49       0.00    245.31  0.00
0       x: 854.51       0.00    246.68  -0.00
0       x: 852.29       0.00    247.58  -0.00
0       x: 849.53       0.00    249.12  -0.00
0       x: 15.11        0.00    699.25  -0.00
0       x: 841.56       -0.00   252.43  0.00
0       x: 837.10       0.00    250.45  -0.00
0       x: 5.84 0.00    697.67  -0.00
0       x: 830.63       -0.00   252.63  0.00
0       x: 825.32       0.00    254.12  -0.00
0       x: 820.04       0.00    255.44  -0.00
0       x: 819.96       0.00    253.53  -0.00
0       x: 819.23       0.00    255.05  -0.00
0       x: 817.18       0.00    256.55  -0.00
0       x: 816.04       0.00    251.78  -0.00
0       x: 16.30        0.00    703.73  -0.00
0       x: 4.84 -0.00   703.64  0.00
0       x: 812.65       -0.00   256.56  0.00
0       x: 19.50        0.00    699.50  -0.00
0       x: 53.16        -0.00   704.07  0.00
0       x: 801.73       -0.00   259.73  0.00
0       x: 795.55       0.00    261.91  -0.00
0       x: 793.85       0.00    255.43  -0.00
0       x: 793.53       0.00    249.01  -0.00
0       x: -45.17       0.00    715.32  -0.00
0       x: 793.56       -0.00   244.88  0.00
0       x: 793.32       0.00    240.22  -0.00
0       x: 793.40       0.00    238.72  -0.00
0       x: -13.88       0.00    702.88  -0.00
0       x: 795.41       -0.00   244.85  0.00
0       x: 795.36       0.00    248.61  -0.00
0       x: 795.22       0.00    246.25  -0.00
0       x: 794.34       0.00    247.23  -0.00
0       x: 792.44       0.00    248.94  -0.00
0       x: 789.35       0.00    250.52  -0.00
0       x: 788.73       0.00    247.97  -0.00
0       x: 788.80       0.00    249.28  -0.00
0       x: 786.72       0.00    250.36  -0.00
0       x: 782.30       0.00    251.80  -0.00
0       x: 774.99       0.00    254.41  -0.00
0       x: 770.66       0.00    256.51  -0.00
0       x: 766.77       0.00    259.27  -0.00
0       x: 759.33       0.00    262.32  -0.00
0       x: 20.41        0.00    707.09  -0.00
0       x: 751.75       -0.00   266.92  0.00
0       x: 15.34        0.00    707.07  -0.00
0       x: 744.03       -0.00   270.96  0.00
0       x: -7.18        0.00    726.02  -0.00
0       x: 735.51       -0.00   275.36  0.00
0       x: 731.65       0.00    277.76  -0.00
0       x: 946.13       0.00    703.28  -0.00
0       x: 731.32       0.00    268.57  0.00
0       x: 732.30       0.00    263.43  -0.00
0       x: 731.96       0.00    264.60  -0.00
0       x: 732.18       0.00    260.40  -0.00
0       x: 731.92       0.00    259.28  -0.00
0       x: 732.19       0.00    261.19  -0.00
0       x: 730.72       0.00    257.60  -0.00
0       x: 728.98       0.00    257.85  -0.00
0       x: 726.51       0.00    259.60  -0.00
0       x: 723.95       0.00    261.69  -0.00
0       x: 722.57       0.00    262.28  -0.00
0       x: 721.63       0.00    262.81  -0.00
0       x: 719.34       0.00    263.44  -0.00
0       x: 715.38       0.00    263.63  -0.00
0       x: 713.40       0.00    264.53  -0.00
0       x: 711.52       0.00    265.13  -0.00
0       x: 709.05       0.00    266.28  -0.00
0       x: 705.85       0.00    268.53  -0.00
0       x: 701.97       0.00    270.98  -0.00
0       x: 699.73       0.00    272.60  -0.00
0       x: 696.99       0.00    274.34  -0.00
0       x: 694.11       0.00    275.36  -0.00
0       x: 692.73       0.00    276.45  -0.00
0       x: 690.38       0.00    277.83  -0.00
0       x: 688.77       0.00    278.61  -0.00
0       x: 685.92       0.00    279.17  -0.00
0       x: 683.47       0.00    280.15  -0.00
0       x: 681.27       0.00    281.17  -0.00
0       x: 676.65       0.00    283.20  -0.00
0       x: 671.54       0.00    285.45  -0.00
0       x: 668.08       0.00    286.81  -0.00
0       x: 665.85       0.00    288.22  -0.00
0       x: 662.48       0.00    289.74  -0.00
0       x: 659.61       0.00    290.93  -0.00
0       x: 656.19       0.00    292.37  -0.00
0       x: 652.71       0.00    293.96  -0.00
0       x: 649.66       0.00    295.05  -0.00
0       x: 646.10       0.00    296.73  -0.00
0       x: 644.31       0.00    297.13  -0.00
0       x: 642.59       0.00    298.37  -0.00
0       x: 639.69       0.00    298.91  -0.00
0       x: 637.84       0.00    300.30  -0.00
0       x: 635.90       0.00    301.23  -0.00
0       x: 633.25       0.00    302.42  -0.00
0       x: 631.63       0.00    303.26  -0.00
0       x: 627.64       0.00    304.46  -0.00
0       x: 618.60       0.00    308.52  -0.00
0       x: 615.51       0.00    310.36  -0.00
0       x: 612.90       0.00    310.94  -0.00
0       x: 610.60       0.00    312.28  -0.00
0       x: 608.63       0.00    312.97  -0.00
0       x: 601.67       0.00    315.85  -0.00
0       x: 599.52       0.00    316.84  -0.00
0       x: 598.12       0.00    317.41  -0.00
0       x: 595.39       0.00    318.67  -0.00
0       x: 592.83       0.00    319.60  -0.00
0       x: 591.64       0.00    320.17  -0.00
0       x: 589.98       0.00    321.01  -0.00
0       x: 588.46       0.00    321.99  -0.00
0       x: 587.28       0.00    322.74  -0.00
0       x: 585.12       0.00    323.13  -0.00
0       x: 583.83       0.00    323.71  -0.00
0       x: 580.83       0.00    324.67  -0.00
0       x: 579.33       0.00    325.32  -0.00
0       x: 577.42       0.00    325.79  -0.00
0       x: 575.49       0.00    326.59  -0.00
0       x: 910.37       0.00    698.10  -0.00
0       x: 573.64       0.00    327.73  0.00
0       x: 572.68       0.00    328.17  -0.00
0       x: 571.14       0.00    328.89  -0.00
0       x: 569.29       0.00    329.61  -0.00
0       x: 567.86       0.00    330.22  -0.00
0       x: 563.87       0.00    331.88  -0.00
0       x: 558.33       0.00    332.09  -0.00
0       x: 556.18       0.00    331.70  -0.00
0       x: 553.75       0.00    332.21  -0.00
0       x: 553.03       0.00    332.25  -0.00
0       x: 550.88       0.00    332.61  -0.00
0       x: 550.26       0.00    332.82  -0.00
0       x: 549.37       0.00    333.03  -0.00
0       x: 548.82       0.00    333.21  -0.00
0       x: 546.96       0.00    333.44  -0.00
0       x: 546.54       0.00    333.82  -0.00
0       x: 545.25       0.00    333.93  -0.00
0       x: 543.90       0.00    334.29  -0.00
0       x: 542.55       0.00    334.36  -0.00
0       x: 541.98       0.00    334.79  -0.00
0       x: 541.07       0.00    335.27  -0.00
0       x: 539.68       0.00    335.80  -0.00
0       x: 538.83       0.00    336.05  -0.00
0       x: 538.15       0.00    336.45  -0.00
0       x: 537.43       0.00    336.72  -0.00
0       x: 536.68       0.00    336.87  -0.00
0       x: 536.04       0.00    337.47  -0.00
0       x: 535.45       0.00    337.81  -0.00
0       x: 534.90       0.00    338.15  -0.00
0       x: 534.04       0.00    338.33  -0.00
0       x: 533.52       0.00    338.66  -0.00
0       x: 533.11       0.00    339.18  -0.00
0       x: 532.52       0.00    339.56  -0.00
0       x: 532.01       0.00    339.88  -0.00
0       x: 531.60       0.00    340.37  -0.00
0       x: 530.69       0.00    340.57  -0.00
0       x: 530.11       0.00    340.95  -0.00
0       x: 529.54       0.00    341.40  -0.00
0       x: 528.21       0.00    341.89  -0.00
0       x: 527.55       0.00    342.17  -0.00
0       x: 526.20       0.00    342.53  -0.00
0       x: 525.61       0.00    342.76  -0.00
0       x: 524.91       0.00    343.49  -0.00
0       x: 524.29       0.00    343.60  -0.00
0       x: 523.53       0.00    343.92  -0.00
0       x: 523.01       0.00    344.33  -0.00
0       x: 522.41       0.00    344.49  -0.00
0       x: 522.10       0.00    344.66  -0.00
0       x: 521.87       0.00    344.92  -0.00
0       x: 521.22       0.00    345.08  -0.00
0       x: 521.10       0.00    345.29  -0.00
0       x: 520.06       0.00    345.48  -0.00
0       x: 519.66       0.00    345.55  -0.00
0       x: 519.24       0.00    345.78  -0.00
0       x: 518.74       0.00    346.18  -0.00
0       x: 518.56       0.00    346.24  -0.00
0       x: 518.18       0.00    346.44  -0.00
0       x: 517.57       0.00    346.56  -0.00
0       x: 517.59       0.00    346.93  -0.00
0       x: 516.85       0.00    347.08  -0.00
0       x: 516.46       0.00    347.06  -0.00
0       x: 516.27       0.00    347.64  -0.00
0       x: 515.90       0.00    347.80  -0.00
0       x: 515.20       0.00    348.23  -0.00
0       x: 514.42       0.00    348.52  -0.00
0       x: 513.73       0.00    348.91  -0.00
0       x: 513.35       0.00    349.06  -0.00
0       x: 512.73       0.00    349.46  -0.00
0       x: 512.56       0.00    350.15  -0.00
0       x: 511.92       0.00    350.23  -0.00
0       x: 511.36       0.00    350.23  -0.00
0       x: 511.17       0.00    350.57  -0.00
0       x: 510.72       0.00    350.28  -0.00
0       x: 510.05       0.00    350.64  -0.00
0       x: 510.11       0.00    350.65  -0.00
0       x: 509.33       0.00    350.71  -0.00
0       x: 509.07       0.00    350.98  -0.00
0       x: 508.99       0.00    351.35  -0.00
0       x: 508.49       0.00    351.27  -0.00
0       x: 508.14       0.00    351.52  -0.00
0       x: 507.86       0.00    351.69  -0.00
0       x: 507.60       0.00    351.68  -0.00
0       x: 507.54       0.00    351.85  -0.00
0       x: 507.00       0.00    352.01  -0.00
0       x: 506.06       0.00    352.06  -0.00
0       x: 505.96       0.00    352.50  -0.00
0       x: 505.41       0.00    352.45  -0.00
0       x: 505.48       0.00    352.81  -0.00
0       x: 505.09       0.00    352.74  -0.00
0       x: 504.93       0.00    353.43  -0.00
0       x: 504.61       0.00    352.99  -0.00
0       x: 504.18       0.00    353.20  -0.00
0       x: 504.29       0.00    353.59  -0.00
0       x: 503.56       0.00    353.36  -0.00
0       x: 503.38       0.00    353.60  -0.00
0       x: 503.01       0.00    354.46  -0.00
0       x: 502.61       0.00    353.41  -0.00
0       x: 502.04       0.00    353.18  -0.00
0       x: 501.69       0.00    353.46  -0.00
0       x: 501.65       0.00    353.78  -0.00
0       x: 501.20       0.00    353.61  -0.00
0       x: 501.05       0.00    354.28  -0.00
0       x: 500.80       0.00    354.32  -0.00
0       x: 500.17       0.00    354.51  -0.00
0       x: 499.94       0.00    354.70  -0.00
0       x: 499.51       0.00    354.67  -0.00
0       x: 499.49       0.00    355.30  -0.00
0       x: 499.18       0.00    355.59  -0.00
0       x: 499.19       0.00    355.45  -0.00
0       x: 498.78       0.00    355.64  -0.00
0       x: 498.46       0.00    355.44  -0.00
0       x: 498.18       0.00    356.40  -0.00
0       x: 497.90       0.00    355.97  -0.00
0       x: 497.74       0.00    356.58  -0.00
0       x: 497.52       0.00    355.71  -0.00
0       x: 497.35       0.00    356.37  -0.00
0       x: 497.30       0.00    356.53  -0.00
0       x: 496.74       0.00    356.59  -0.00
0       x: 494.65       0.00    357.99  -0.00
0       x: 494.13       0.00    357.73  -0.00
0       x: 494.20       0.00    357.47  -0.00
0       x: 493.86       0.00    357.52  -0.00
0       x: 493.51       0.00    357.49  -0.00
0       x: 493.29       0.00    357.56  -0.00
0       x: 8.31 0.00    670.96  -0.00
0       x: 492.61       -0.00   357.53  0.00
0       x: 492.79       0.00    357.68  -0.00
0       x: 492.86       0.00    357.77  -0.00
0       x: 492.66       0.00    357.88  -0.00
0       x: 492.62       0.00    357.96  -0.00
0       x: 492.74       0.00    357.83  -0.00
0       x: 493.76       0.00    354.45  -0.00
0       x: 493.95       0.00    355.08  -0.00
0       x: 494.01       0.00    355.37  -0.00
0       x: 493.91       0.00    355.39  -0.00
0       x: 493.95       0.00    355.44  -0.00
0       x: 494.01       0.00    355.56  -0.00
0       x: 493.95       0.00    355.55  -0.00
0       x: 494.01       0.00    356.30  -0.00
0       x: 493.56       0.00    355.67  -0.00
0       x: 494.18       0.00    356.40  -0.00
0       x: 493.85       0.00    356.61  -0.00
0       x: 493.80       0.00    356.25  -0.00
0       x: 494.35       0.00    356.90  -0.00
0       x: 493.87       0.00    356.74  -0.00
0       x: 494.15       0.00    356.78  -0.00
0       x: 493.92       0.00    357.09  -0.00
0       x: 494.06       0.00    357.48  -0.00
0       x: 494.07       0.00    357.88  -0.00
0       x: 494.02       0.00    357.67  -0.00
0       x: 494.08       0.00    357.93  -0.00
0       x: 494.12       0.00    358.08  -0.00
0       x: 493.74       0.00    358.18  -0.00
0       x: 493.87       0.00    358.35  -0.00
0       x: 494.04       0.00    358.94  -0.00
0       x: 493.64       0.00    358.11  -0.00
0       x: 493.68       0.00    358.92  -0.00
0       x: 493.25       0.00    358.60  -0.00
0       x: 493.65       0.00    359.20  -0.00
0       x: 493.70       0.00    359.53  -0.00
0       x: 493.64       0.00    359.31  -0.00
0       x: 493.66       0.00    359.53  -0.00
0       x: 493.64       0.00    359.51  -0.00
0       x: 493.39       0.00    359.73  -0.00
0       x: 493.29       0.00    359.82  -0.00
0       x: 493.10       0.00    359.79  -0.00
0       x: 493.03       0.00    360.01  -0.00
0       x: 492.98       0.00    360.02  0.00
0       x: 492.85       0.00    359.95  0.00
0       x: 492.89       0.00    360.33  -0.00
0       x: 492.73       0.00    360.21  0.00
0       x: 492.89       0.00    360.30  0.00
0       x: 491.86       0.00    360.28  0.00
0       x: 491.92       0.00    360.49  0.00
0       x: 491.84       0.00    360.48  0.00
0       x: 491.78       0.00    360.82  0.00
0       x: 491.65       0.00    360.74  0.00
0       x: 491.65       0.00    361.10  0.00
0       x: 491.27       0.00    361.01  0.00
0       x: 491.06       0.00    360.70  0.00
0       x: 491.04       0.00    360.92  0.00
0       x: 491.14       0.00    360.61  0.00
0       x: 490.80       0.00    361.05  0.00
0       x: 490.64       0.00    361.16  0.00
0       x: 490.31       0.00    361.25  0.00
0       x: 490.34       0.00    361.16  0.00
0       x: 490.28       0.00    360.94  0.00
0       x: 490.46       0.00    361.12  0.00
0       x: 490.26       0.00    361.24  0.00
0       x: 490.30       0.00    361.70  0.00
0       x: 490.12       0.00    361.43  0.00
0       x: 489.88       0.00    361.60  0.00
0       x: 489.49       0.00    361.31  0.00
0       x: 489.28       0.00    361.74  0.00
0       x: 489.27       0.00    361.97  0.00
0       x: 489.58       0.00    361.97  0.00
0       x: 489.35       0.00    361.50  0.00
0       x: 489.04       0.00    361.83  0.00
0       x: 489.01       0.00    361.58  0.00
0       x: 488.95       0.00    362.01  0.00
0       x: 488.66       0.00    361.65  0.00
0       x: 488.74       0.00    361.81  0.00
0       x: 488.44       0.00    362.30  0.00
0       x: 488.28       0.00    362.24  0.00
0       x: 488.20       0.00    361.96  0.00
0       x: 488.12       0.00    362.13  0.00
0       x: 488.00       0.00    362.21  0.00
0       x: 487.81       0.00    362.04  0.00
0       x: 487.74       0.00    362.07  0.00
0       x: 487.50       0.00    362.21  0.00
0       x: 487.35       0.00    362.33  0.00
0       x: 487.40       0.00    362.38  0.00
0       x: 487.74       0.00    362.41  0.00
0       x: 487.35       0.00    362.36  0.00
0       x: 487.42       0.00    362.26  0.00
0       x: 487.40       0.00    362.23  0.00
0       x: 487.10       0.00    362.51  0.00
0       x: 486.96       0.00    362.38  0.00
0       x: 487.28       0.00    362.39  0.00
0       x: 486.92       0.00    362.40  0.00
0       x: 486.96       0.00    362.39  0.00
0       x: 487.13       0.00    362.40  0.00
0       x: 487.20       0.00    362.64  0.00
0       x: 486.77       0.00    362.71  0.00
0       x: 486.87       0.00    362.76  0.00
0       x: 486.80       0.00    362.61  0.00
0       x: 486.80       0.00    362.82  0.00
0       x: 487.04       0.00    363.00  0.00
0       x: 486.60       0.00    362.80  0.00
0       x: 486.58       0.00    362.91  0.00
0       x: 486.54       0.00    362.67  0.00
0       x: 486.50       0.00    363.07  0.00
0       x: 486.51       0.00    363.01  0.00
0       x: 486.36       0.00    363.14  0.00
0       x: 486.33       0.00    363.11  0.00
0       x: 486.52       0.00    362.96  0.00
0       x: 486.36       0.00    363.10  0.00
0       x: 486.24       0.00    363.43  0.00
0       x: 486.32       0.00    363.40  0.00
0       x: 486.38       0.00    363.46  0.00
0       x: 486.21       0.00    363.63  0.00
0       x: 486.04       0.00    363.56  0.00
0       x: 486.23       0.00    363.72  0.00
0       x: 486.21       0.00    363.82  0.00
0       x: 486.01       0.00    363.48  0.00
0       x: 486.08       0.00    363.59  0.00
0       x: 485.90       0.00    363.52  0.00
0       x: 485.79       0.00    363.32  0.00
0       x: 485.76       0.00    363.45  0.00
0       x: 485.58       0.00    363.69  0.00
0       x: 485.45       0.00    363.58  0.00
0       x: 485.71       0.00    363.65  0.00
0       x: 485.53       0.00    363.68  0.00
0       x: 485.57       0.00    363.97  0.00
0       x: 485.60       0.00    364.25  0.00
0       x: 485.40       0.00    364.27  0.00
0       x: 485.32       0.00    364.03  0.00
0       x: 485.23       0.00    363.95  0.00
0       x: 485.30       0.00    364.09  0.00
0       x: 484.94       0.00    364.04  0.00
0       x: 484.93       0.00    364.16  0.00
0       x: 485.09       0.00    364.57  0.00
0       x: 485.16       0.00    364.63  0.00
0       x: 485.21       0.00    364.20  0.00
0       x: 485.06       0.00    364.43  0.00
0       x: 484.53       0.00    364.43  0.00
0       x: 484.57       0.00    364.44  0.00
0       x: 484.85       0.00    364.80  0.00
0       x: 484.75       0.00    364.81  0.00
0       x: 484.89       0.00    364.66  0.00
0       x: 484.76       0.00    364.89  0.00
0       x: 484.37       0.00    364.46  0.00
0       x: 484.50       0.00    364.76  0.00
0       x: 484.42       0.00    364.71  0.00
0       x: 484.45       0.00    364.80  0.00
0       x: 484.39       0.00    364.99  0.00
0       x: 484.22       0.00    365.12  0.00
0       x: 484.47       0.00    364.91  0.00
0       x: 484.46       0.00    365.10  0.00
0       x: 484.44       0.00    365.10  0.00
0       x: 484.32       0.00    364.96  0.00
0       x: 484.20       0.00    364.91  0.00
0       x: 484.24       0.00    365.22  0.00
0       x: 484.26       0.00    365.03  0.00
0       x: 484.09       0.00    364.77  0.00
0       x: 484.13       0.00    364.90  0.00
0       x: 484.30       0.00    364.86  0.00
0       x: 484.18       0.00    365.15  0.00
0       x: 484.05       0.00    365.05  0.00
0       x: 484.04       0.00    365.08  0.00
0       x: 484.05       0.00    364.99  0.00
0       x: 483.99       0.00    365.07  0.00
0       x: 483.89       0.00    364.91  0.00
0       x: 481.27       0.00    365.70  0.00
0       x: 481.20       0.00    365.55  0.00
0       x: 481.31       0.00    365.59  0.00
0       x: 480.95       0.00    365.67  0.00
0       x: 480.96       0.00    365.64  0.00
0       x: 480.87       0.00    365.68  0.00
0       x: 480.95       0.00    365.38  0.00
0       x: 481.02       0.00    365.45  0.00
0       x: 481.11       0.00    365.55  0.00
0       x: 480.90       0.00    365.47  0.00
0       x: 480.87       0.00    365.68  0.00
0       x: 480.90       0.00    365.65  0.00
0       x: 480.61       0.00    365.24  0.00
0       x: 480.75       0.00    365.35  0.00
0       x: 481.02       0.00    365.55  0.00
0       x: 480.86       0.00    365.35  0.00
0       x: 480.72       0.00    365.47  0.00
0       x: 480.89       0.00    365.41  0.00
0       x: 480.83       0.00    365.20  0.00
0       x: 480.92       0.00    365.08  0.00
0       x: 480.92       0.00    365.15  0.00
0       x: 481.14       0.00    365.06  0.00
0       x: 481.05       0.00    365.16  0.00
0       x: 481.07       0.00    365.01  0.00
0       x: 480.92       0.00    364.74  0.00
0       x: 481.14       0.00    364.93  0.00
0       x: 481.20       0.00    365.12  0.00
0       x: 480.92       0.00    365.15  0.00
0       x: 481.07       0.00    365.02  0.00
0       x: 481.09       0.00    365.07  0.00
0       x: 481.27       0.00    365.05  0.00
0       x: 481.12       0.00    364.70  0.00
0       x: 480.85       0.00    364.73  0.00
0       x: 480.79       0.00    365.00  0.00
0       x: 480.94       0.00    364.73  0.00
0       x: 480.91       0.00    365.05  0.00
0       x: 480.77       0.00    365.03  0.00
0       x: 480.94       0.00    364.69  0.00
0       x: 480.92       0.00    364.77  0.00
0       x: 480.92       0.00    364.64  0.00
0       x: 480.85       0.00    364.64  0.00
0       x: 481.12       0.00    364.80  0.00
0       x: 481.15       0.00    364.92  0.00
0       x: 481.45       0.00    364.65  0.00
0       x: 481.25       0.00    364.51  0.00
0       x: 481.14       0.00    364.51  0.00
0       x: 481.40       0.00    364.63  0.00
0       x: 481.45       0.00    364.48  0.00
0       x: 481.66       0.00    363.90  0.00
0       x: 481.62       0.00    365.14  0.00
0       x: 481.54       0.00    364.38  0.00
0       x: 481.22       0.00    364.54  0.00
0       x: 481.11       0.00    364.77  0.00
0       x: 481.20       0.00    364.59  0.00
0       x: 481.10       0.00    364.73  0.00
0       x: 481.13       0.00    366.20  0.00
0       x: 481.51       0.00    364.44  0.00
0       x: 481.67       0.00    365.06  0.00
0       x: 481.46       0.00    366.26  0.00
0       x: 481.51       0.00    365.13  0.00
0       x: 481.72       0.00    364.66  0.00
0       x: 481.61       0.00    364.34  0.00
0       x: 481.92       0.00    364.92  0.00
0       x: 481.70       0.00    365.57  0.00
0       x: 481.61       0.00    365.26  0.00
0       x: 481.97       0.00    365.22  0.00
0       x: 481.82       0.00    365.41  0.00
0       x: 481.88       0.00    365.19  0.00
0       x: 481.82       0.00    365.37  0.00
0       x: 481.81       0.00    365.36  0.00
0       x: 481.91       0.00    365.29  0.00
0       x: 481.61       0.00    365.79  0.00
0       x: 481.80       0.00    365.37  0.00
0       x: 481.82       0.00    365.37  0.00
0       x: 481.77       0.00    365.45  0.00
0       x: 481.58       0.00    365.30  0.00
0       x: 481.82       0.00    365.26  0.00
0       x: 481.76       0.00    365.22  0.00
0       x: 481.74       0.00    365.22  0.00
0       x: 481.88       0.00    365.23  0.00
0       x: 481.85       0.00    365.39  0.00
0       x: 481.90       0.00    365.50  0.00
0       x: 481.91       0.00    365.20  0.00
0       x: 481.88       0.00    365.42  0.00
0       x: 482.08       0.00    365.66  0.00
0       x: 482.26       0.00    365.52  0.00
0       x: 482.07       0.00    365.47  0.00
0       x: 482.18       0.00    365.53  0.00
0       x: 482.27       0.00    365.45  0.00
0       x: 481.97       0.00    365.44  0.00
0       x: 482.21       0.00    365.31  0.00
0       x: 482.23       0.00    365.40  0.00
0       x: 482.16       0.00    365.28  0.00
0       x: 482.22       0.00    365.63  0.00
0       x: 482.07       0.00    365.54  0.00
0       x: 482.30       0.00    365.50  0.00
0       x: 482.14       0.00    365.77  0.00
0       x: 482.13       0.00    365.34  0.00
0       x: 482.09       0.00    365.68  0.00
0       x: 482.09       0.00    365.31  0.00
0       x: 482.54       0.00    365.46  0.00
0       x: 482.48       0.00    365.23  0.00
0       x: 482.77       0.00    365.24  0.00
0       x: 482.65       0.00    365.32  0.00
0       x: 482.61       0.00    365.38  0.00
0       x: 482.43       0.00    365.02  0.00
0       x: 482.70       0.00    365.29  0.00
0       x: 482.66       0.00    365.40  0.00
0       x: 482.67       0.00    365.39  0.00
0       x: 482.75       0.00    365.52  0.00
0       x: 482.89       0.00    365.20  0.00
0       x: 482.86       0.00    365.38  0.00
0       x: 482.79       0.00    365.19  0.00
0       x: 483.03       0.00    365.01  0.00
0       x: 482.89       0.00    365.13  0.00
0       x: 483.26       0.00    365.37  0.00
0       x: 483.12       0.00    365.19  0.00
0       x: 483.00       0.00    365.04  0.00
0       x: 483.07       0.00    365.24  0.00
0       x: 482.96       0.00    365.25  0.00
0       x: 482.84       0.00    365.14  0.00
0       x: 483.16       0.00    365.10  0.00
0       x: 483.00       0.00    365.25  0.00
0       x: 483.03       0.00    365.03  0.00
0       x: 483.18       0.00    365.03  0.00
0       x: 483.28       0.00    365.49  0.00
0       x: 483.36       0.00    365.26  0.00
0       x: 483.33       0.00    365.12  0.00
0       x: 483.66       0.00    365.25  0.00
0       x: 483.61       0.00    365.03  0.00
0       x: 483.53       0.00    365.15  0.00
0       x: 483.49       0.00    365.08  0.00
0       x: 483.65       0.00    365.24  0.00
0       x: 483.63       0.00    365.25  0.00
0       x: 483.76       0.00    365.26  0.00
0       x: 483.73       0.00    365.05  0.00
0       x: 483.83       0.00    365.08  0.00
0       x: 483.92       0.00    365.31  0.00
0       x: 483.66       0.00    364.99  0.00
0       x: 483.89       0.00    365.09  0.00
0       x: 483.88       0.00    365.18  0.00
0       x: 483.91       0.00    365.27  0.00
0       x: 483.75       0.00    365.36  0.00
0       x: 483.76       0.00    364.97  0.00
0       x: 483.87       0.00    364.73  0.00
0       x: 484.10       0.00    364.88  0.00
0       x: 483.83       0.00    365.09  0.00
0       x: 483.78       0.00    365.15  0.00
0       x: 483.77       0.00    365.33  0.00
0       x: 483.83       0.00    365.10  0.00
0       x: 483.97       0.00    365.15  0.00
0       x: 484.11       0.00    365.08  0.00
0       x: 484.17       0.00    365.24  0.00
0       x: 484.10       0.00    365.08  0.00
0       x: 484.03       0.00    365.25  0.00
0       x: 483.96       0.00    365.42  0.00
0       x: 483.88       0.00    365.43  0.00
0       x: 484.08       0.00    365.24  0.00
0       x: 484.01       0.00    365.18  0.00
0       x: 484.00       0.00    365.32  0.00
0       x: 483.96       0.00    365.31  0.00
0       x: 484.05       0.00    365.40  0.00
0       x: 483.83       0.00    365.53  0.00
0       x: 484.05       0.00    365.67  0.00
0       x: 484.14       0.00    365.48  0.00
0       x: 484.13       0.00    365.42  0.00
0       x: 484.10       0.00    365.43  0.00
0       x: 483.97       0.00    365.56  0.00
0       x: 483.88       0.00    365.20  0.00
0       x: 483.79       0.00    365.12  0.00
0       x: 483.99       0.00    365.26  0.00
0       x: 483.76       0.00    365.27  0.00
0       x: 483.62       0.00    365.29  0.00
0       x: 484.07       0.00    365.09  0.00
0       x: 484.13       0.00    364.92  0.00
0       x: 484.12       0.00    365.18  0.00
0       x: 483.90       0.00    365.51  0.00
0       x: 483.90       0.00    365.29  0.00
0       x: 483.95       0.00    365.52  0.00
0       x: 483.99       0.00    365.64  0.00
0       x: 483.91       0.00    365.56  0.00
0       x: 484.07       0.00    365.25  0.00
0       x: 484.11       0.00    365.21  0.00
0       x: 484.11       0.00    365.23  0.00
0       x: 483.86       0.00    365.64  0.00
0       x: 483.93       0.00    365.70  0.00
0       x: 483.89       0.00    365.33  0.00
0       x: 484.15       0.00    365.48  0.00
0       x: 484.13       0.00    365.52  0.00
0       x: 484.02       0.00    365.23  0.00
0       x: 483.92       0.00    365.56  0.00
0       x: 483.86       0.00    365.31  0.00
0       x: 484.19       0.00    365.55  0.00
0       x: 483.99       0.00    365.39  0.00
0       x: 483.92       0.00    365.65  0.00
0       x: 484.03       0.00    365.40  0.00
0       x: 484.18       0.00    365.23  0.00
0       x: 483.77       0.00    365.56  0.00
0       x: 484.06       0.00    365.48  0.00
0       x: 484.15       0.00    365.54  0.00
0       x: 483.87       0.00    365.54  0.00
0       x: 483.84       0.00    365.41  0.00
0       x: 483.58       0.00    365.35  0.00
0       x: 484.02       0.00    365.20  0.00
0       x: 483.49       0.00    365.31  0.00
0       x: 483.89       0.00    365.20  0.00
0       x: 483.89       0.00    365.04  0.00
0       x: 483.87       0.00    365.36  0.00
0       x: 483.97       0.00    365.48  0.00
0       x: 483.89       0.00    365.32  0.00
0       x: 483.64       0.00    365.11  0.00
0       x: 483.90       0.00    365.35  0.00
0       x: 483.76       0.00    364.93  0.00
0       x: 483.71       0.00    364.77  0.00
0       x: 484.02       0.00    365.09  0.00
0       x: 483.88       0.00    365.32  0.00
0       x: 483.77       0.00    365.23  0.00
0       x: 484.13       0.00    363.24  0.00
0       x: 485.03       0.00    363.27  0.00
0       x: 484.96       0.00    363.68  0.00
0       x: 485.29       0.00    363.93  0.00
0       x: 485.19       0.00    363.84  0.00
0       x: 485.23       0.00    363.76  0.00
0       x: 485.11       0.00    363.73  0.00
0       x: 485.22       0.00    363.82  0.00
0       x: 484.98       0.00    363.90  0.00
0       x: 485.16       0.00    364.07  0.00
0       x: 485.32       0.00    364.09  0.00
0       x: 485.50       0.00    364.29  0.00
0       x: 485.43       0.00    364.23  0.00
0       x: 485.51       0.00    363.98  0.00
0       x: 485.63       0.00    363.94  0.00
0       x: 485.62       0.00    364.22  0.00
0       x: 485.66       0.00    364.17  0.00
0       x: 485.56       0.00    364.31  0.00
0       x: 485.36       0.00    364.35  0.00
0       x: 485.54       0.00    364.27  0.00
0       x: 485.65       0.00    364.86  0.00
0       x: 485.73       0.00    364.62  0.00
0       x: 485.68       0.00    364.37  0.00
0       x: 485.67       0.00    364.46  0.00
0       x: 485.84       0.00    364.59  0.00
0       x: 485.85       0.00    364.62  0.00
0       x: 486.02       0.00    364.33  0.00
0       x: 485.81       0.00    364.48  0.00
0       x: 485.89       0.00    364.43  0.00
0       x: 486.12       0.00    364.67  0.00
0       x: 486.02       0.00    364.78  0.00
0       x: 486.07       0.00    364.57  0.00
0       x: 486.27       0.00    364.68  0.00
0       x: 486.23       0.00    364.74  0.00
0       x: 485.84       0.00    364.85  0.00
0       x: 486.39       0.00    364.37  0.00
0       x: 486.49       0.00    364.61  0.00
0       x: 486.43       0.00    364.31  0.00
0       x: 486.54       0.00    364.28  0.00
0       x: 486.76       0.00    364.41  0.00
0       x: 486.58       0.00    364.69  0.00
0       x: 486.59       0.00    364.75  0.00
0       x: 487.03       0.00    364.62  0.00
0       x: 486.90       0.00    364.59  0.00
0       x: 486.93       0.00    364.57  0.00
0       x: 487.17       0.00    364.78  0.00
0       x: 486.70       0.00    364.45  0.00
0       x: 486.94       0.00    364.88  0.00
0       x: 487.04       0.00    364.65  0.00
0       x: 487.10       0.00    364.96  0.00
0       x: 487.12       0.00    365.21  0.00
0       x: 486.83       0.00    365.08  0.00
0       x: 486.92       0.00    364.97  0.00
0       x: 487.09       0.00    365.50  0.00
0       x: 487.33       0.00    365.44  0.00
0       x: 487.08       0.00    365.28  0.00
0       x: 487.03       0.00    365.38  0.00
0       x: 487.12       0.00    365.28  0.00
0       x: 487.32       0.00    365.46  0.00
0       x: 487.32       0.00    365.50  0.00
0       x: 487.09       0.00    365.67  0.00
0       x: 487.12       0.00    366.05  0.00
0       x: 487.18       0.00    365.84  0.00
0       x: 487.06       0.00    365.61  0.00
0       x: 487.21       0.00    365.57  0.00
0       x: 487.13       0.00    365.64  0.00
0       x: 487.16       0.00    365.61  0.00
0       x: 487.06       0.00    365.55  0.00
0       x: 487.04       0.00    366.06  0.00
0       x: 486.86       0.00    366.01  0.00
0       x: 486.97       0.00    365.86  0.00
0       x: 486.66       0.00    365.56  0.00
0       x: 486.95       0.00    365.80  0.00
0       x: 486.85       0.00    365.86  0.00
0       x: 486.81       0.00    366.14  0.00
0       x: 486.75       0.00    366.39  0.00
0       x: 486.65       0.00    365.97  0.00
0       x: 486.70       0.00    366.26  0.00
0       x: 486.54       0.00    366.32  0.00
0       x: 486.83       0.00    366.30  0.00
0       x: 486.65       0.00    366.26  0.00
0       x: 486.58       0.00    366.11  0.00
0       x: 486.43       0.00    365.93  0.00
0       x: 486.42       0.00    366.22  0.00
0       x: 486.26       0.00    366.10  0.00
0       x: 486.55       0.00    366.35  0.00
0       x: 486.33       0.00    366.16  0.00
0       x: 486.37       0.00    366.13  0.00
0       x: 486.31       0.00    366.44  0.00
0       x: 486.30       0.00    366.42  0.00
0       x: 486.35       0.00    366.39  0.00
0       x: 486.25       0.00    366.35  0.00
0       x: 486.34       0.00    366.27  0.00
0       x: 485.94       0.00    365.87  0.00
0       x: 486.07       0.00    365.95  0.00
0       x: 487.62       0.00    364.50  0.00
0       x: 487.58       0.00    364.48  0.00
0       x: 487.86       0.00    364.38  0.00
0       x: 487.65       0.00    364.51  0.00
0       x: 487.65       0.00    364.15  0.00
0       x: 487.92       0.00    364.21  0.00
0       x: 487.88       0.00    364.41  0.00
0       x: 487.88       0.00    364.48  0.00
0       x: 488.00       0.00    364.72  0.00
0       x: 487.92       0.00    364.58  0.00
0       x: 487.96       0.00    364.31  0.00
0       x: 487.92       0.00    364.20  0.00
0       x: 487.84       0.00    364.37  0.00
0       x: 488.02       0.00    364.37  0.00
0       x: 487.96       0.00    364.23  0.00
0       x: 487.90       0.00    364.33  0.00
0       x: 488.19       0.00    364.50  0.00
0       x: 488.25       0.00    364.56  0.00
0       x: 488.34       0.00    364.45  0.00
0       x: 488.13       0.00    364.56  0.00
0       x: 488.29       0.00    364.78  0.00
0       x: 487.99       0.00    364.58  0.00
0       x: 487.95       0.00    364.94  0.00
0       x: 488.15       0.00    364.92  0.00
0       x: 488.18       0.00    364.19  0.00
0       x: 488.56       0.00    364.73  0.00
0       x: 488.66       0.00    364.45  0.00
0       x: 488.78       0.00    364.43  0.00
0       x: 488.83       0.00    364.47  0.00
0       x: 488.91       0.00    364.30  0.00
0       x: 488.88       0.00    364.54  0.00
0       x: 488.98       0.00    364.43  0.00
0       x: 489.11       0.00    364.03  0.00
0       x: 489.11       0.00    364.26  0.00
0       x: 489.24       0.00    364.38  0.00
0       x: 489.11       0.00    364.46  0.00
0       x: 489.08       0.00    364.60  0.00
0       x: 488.94       0.00    364.71  0.00
0       x: 489.13       0.00    364.77  0.00
0       x: 489.29       0.00    364.79  0.00
0       x: 489.18       0.00    364.43  0.00
0       x: 489.31       0.00    364.41  0.00
0       x: 489.25       0.00    364.73  0.00
0       x: 489.30       0.00    364.70  0.00
0       x: 489.13       0.00    364.86  0.00
0       x: 489.12       0.00    365.27  0.00
0       x: 489.26       0.00    365.03  0.00
0       x: 488.99       0.00    365.20  0.00
0       x: 488.98       0.00    365.42  0.00
0       x: 489.02       0.00    365.38  0.00
0       x: 488.72       0.00    365.41  0.00
0       x: 488.74       0.00    365.29  0.00
0       x: 488.82       0.00    365.65  0.00
0       x: 488.71       0.00    365.72  0.00
0       x: 488.87       0.00    365.43  0.00
0       x: 488.43       0.00    365.43  0.00
0       x: 488.34       0.00    365.47  0.00
0       x: 488.68       0.00    365.62  0.00
0       x: 488.54       0.00    365.76  0.00
0       x: 488.60       0.00    365.54  0.00
0       x: 488.47       0.00    365.70  0.00
0       x: 488.32       0.00    365.68  0.00
0       x: 488.40       0.00    365.81  0.00
0       x: 488.43       0.00    365.58  0.00
0       x: 488.27       0.00    365.93  0.00
0       x: 488.20       0.00    365.80  0.00
0       x: 488.16       0.00    365.73  0.00
0       x: 487.83       0.00    365.51  0.00
0       x: 487.99       0.00    365.55  0.00
0       x: 487.92       0.00    365.65  0.00
0       x: 487.95       0.00    365.86  0.00
0       x: 488.07       0.00    366.04  0.00
0       x: 488.04       0.00    366.08  0.00
0       x: 487.83       0.00    365.77  0.00
0       x: 487.78       0.00    365.85  0.00
0       x: 487.94       0.00    365.73  0.00
0       x: 487.90       0.00    365.57  0.00
0       x: 487.83       0.00    365.71  0.00
0       x: 487.65       0.00    365.54  0.00
0       x: 490.82       0.00    363.50  0.00
0       x: 490.83       0.00    363.08  0.00
0       x: 491.27       0.00    363.79  0.00
0       x: 490.91       0.00    363.74  0.00
0       x: 490.95       0.00    363.77  0.00
0       x: 490.79       0.00    363.40  0.00
0       x: 490.92       0.00    363.76  0.00
0       x: 491.08       0.00    363.45  0.00
0       x: 490.77       0.00    363.53  0.00
0       x: 491.07       0.00    363.75  0.00
0       x: 490.88       0.00    363.95  0.00
0       x: 491.20       0.00    364.02  0.00
0       x: 491.55       0.00    363.99  0.00
0       x: 491.51       0.00    364.38  0.00
0       x: 491.54       0.00    364.29  0.00
0       x: 491.46       0.00    363.86  0.00
0       x: 491.61       0.00    363.91  0.00
0       x: 491.60       0.00    364.22  0.00
0       x: 491.50       0.00    364.03  0.00
0       x: 491.56       0.00    364.28  0.00
0       x: 491.50       0.00    364.68  0.00
0       x: 491.69       0.00    364.04  0.00
0       x: 491.64       0.00    364.22  0.00
0       x: 491.76       0.00    364.05  0.00
0       x: 492.31       0.00    363.95  0.00
0       x: 491.64       0.00    364.03  0.00
0       x: 491.84       0.00    364.26  0.00
0       x: 492.01       0.00    363.96  0.00
0       x: 491.98       0.00    364.25  0.00
0       x: 492.29       0.00    364.34  0.00